                                          Stratified by InterventionGroup
                                           Overall         Group 0         Group 1         p      test SMD   
  n                                          2837              95            2742                            
  EnrollYear = 2010 (%)                      1097 ( 38.7)      34 ( 35.8)    1063 ( 38.8)   0.632       0.062
  SEX = Female (%)                           1339 ( 47.2)      42 ( 44.2)    1297 ( 47.3)   0.625       0.062
  IPSN_TYPE_CD (%)                                                                          0.871       0.155
     1                                        345 ( 12.2)       9 (  9.5)     336 ( 12.3)                    
     2                                        264 (  9.3)      11 ( 11.6)     253 (  9.2)                    
     5                                       1629 ( 57.4)      53 ( 55.8)    1576 ( 57.5)                    
     6                                        588 ( 20.7)      22 ( 23.2)     566 ( 20.6)                    
     7                                          5 (  0.2)       0 (  0.0)       5 (  0.2)                    
     8                                          6 (  0.2)       0 (  0.0)       6 (  0.2)                    
  DFAB_GRD_CD (%)                                                                           0.789       0.099
     0                                       2713 ( 95.6)      91 ( 95.8)    2622 ( 95.6)                    
     1                                         13 (  0.5)       0 (  0.0)      13 (  0.5)                    
     2                                        111 (  3.9)       4 (  4.2)     107 (  3.9)                    
  DFAB_PTN_CD (%)                                                                           0.998       0.137
     0                                       2713 ( 95.6)      91 ( 95.8)    2622 ( 95.6)                    
     1                                         81 (  2.9)       3 (  3.2)      78 (  2.8)                    
     2                                          2 (  0.1)       0 (  0.0)       2 (  0.1)                    
     3                                         13 (  0.5)       0 (  0.0)      13 (  0.5)                    
     4                                         20 (  0.7)       1 (  1.1)      19 (  0.7)                    
     5                                          3 (  0.1)       0 (  0.0)       3 (  0.1)                    
     6                                          2 (  0.1)       0 (  0.0)       2 (  0.1)                    
     7                                          1 (  0.0)       0 (  0.0)       1 (  0.0)                    
     8                                          2 (  0.1)       0 (  0.0)       2 (  0.1)                    
  HEIGHT (mean (SD))                       164.11 (9.09)   163.80 (10.61)  164.12 (9.04)    0.734       0.033
  WEIGHT (mean (SD))                        63.88 (11.72)   85.75 (12.34)   63.13 (10.94)  <0.001       1.940
  BP_HIGH (mean (SD))                      121.57 (14.81)  133.01 (14.65)  121.17 (14.66)  <0.001       0.808
  BP_LWST (mean (SD))                       75.94 (10.14)   82.22 (10.03)   75.72 (10.08)  <0.001       0.647
  BLDS (mean (SD))                          96.31 (21.33)  102.74 (24.26)   96.09 (21.19)   0.003       0.292
  TOT_CHOLE (mean (SD))                    195.40 (36.58)  207.81 (38.84)  194.97 (36.43)   0.001       0.341
  SGOT_AST (mean (SD))                      24.78 (16.33)   30.54 (13.61)   24.58 (16.38)  <0.001       0.395
  SGPT_ALT (mean (SD))                      24.57 (21.44)   39.48 (25.46)   24.06 (21.11)  <0.001       0.660
  GAMMA_GTP (mean (SD))                     34.71 (39.76)   56.40 (58.04)   33.96 (38.77)  <0.001       0.455
  WAIST (mean (SD))                         79.68 (9.11)    96.55 (7.49)    79.10 (8.59)   <0.001       2.165
  TRIGLYCERIDE (mean (SD))                 131.51 (94.62)  194.99 (132.66) 129.31 (92.28)  <0.001       0.575
  HDL_CHOLE (mean (SD))                     55.63 (20.40)   49.82 (10.98)   55.83 (20.62)   0.005       0.364
  LDL_CHOLE (mean (SD))                    114.28 (39.42)  119.64 (36.22)  114.10 (39.52)   0.178       0.146
  CREATININE (mean (SD))                     1.04 (1.16)     0.91 (0.22)     1.05 (1.18)    0.235       0.170
  HCHK_APOP_PMH_YN = 1 (%)                      0 (  0.0)       0 (  0.0)       0 (  0.0)     NaN      <0.001
  HCHK_HDISE_PMH_YN = 1 (%)                     0 (  0.0)       0 (  0.0)       0 (  0.0)     NaN      <0.001
  HCHK_HPRTS_PMH_YN = 1 (%)                   325 ( 11.5)      24 ( 25.3)     301 ( 11.0)  <0.001       0.377
  HCHK_DIABML_PMH_YN = 1 (%)                   98 (  3.5)       3 (  3.2)      95 (  3.5)   1.000       0.017
  HCHK_HPLPDM_PMH_YN = 1 (%)                   61 (  2.2)       6 (  6.3)      55 (  2.0)   0.013       0.217
  HCHK_ETCDSE_PMH_YN = 1 (%)                  118 (  4.2)       3 (  3.2)     115 (  4.2)   0.813       0.055
  HCHK_PHSS_PMH_YN = 1 (%)                     19 (  0.7)       1 (  1.1)      18 (  0.7)   1.000       0.043
  Female = TRUE (%)                          1339 ( 47.2)      42 ( 44.2)    1297 ( 47.3)   0.625       0.062
  BMI (mean (SD))                           23.62 (3.20)    31.81 (1.61)    23.33 (2.85)   <0.001       3.664
  BMI_lt185 = TRUE (%)                        126 (  4.4)       0 (  0.0)     126 (  4.6)   0.060       0.310
  BMI_ge185lt230 = TRUE (%)                  1120 ( 39.5)       0 (  0.0)    1120 ( 40.8)  <0.001       1.175
  BMI_ge230lt250 = TRUE (%)                   720 ( 25.4)       0 (  0.0)     720 ( 26.3)  <0.001       0.844
  BMI_ge185lt250 = TRUE (%)                  1840 ( 64.9)       0 (  0.0)    1840 ( 67.1)  <0.001       2.020
  BMI_ge250lt300 = TRUE (%)                   776 ( 27.4)       0 (  0.0)     776 ( 28.3)  <0.001       0.888
  BMI_ge300 = TRUE (%)                         95 (  3.3)      95 (100.0)       0 (  0.0)  <0.001         NaN
  BMI_ge350 = TRUE (%)                          4 (  0.1)       4 (  4.2)       0 (  0.0)  <0.001       0.296
  BMI_ge400 = FALSE (%)                      2837 (100.0)      95 (100.0)    2742 (100.0)      NA      <0.001
  BMI.cut4 (%)                                                                             <0.001       6.444
     [0,18.5)                                 126 (  4.4)       0 (  0.0)     126 (  4.6)                    
     [18.5,25)                               1840 ( 64.9)       0 (  0.0)    1840 ( 67.1)                    
     [25,30)                                  776 ( 27.4)       0 (  0.0)     776 ( 28.3)                    
     [30,Inf]                                  95 (  3.3)      95 (100.0)       0 (  0.0)                    
  FPG (mean (SD))                           96.31 (21.33)  102.74 (24.26)   96.09 (21.19)   0.003       0.292
  FPG_ge100 = TRUE (%)                        816 ( 28.8)      41 ( 43.2)     775 ( 28.3)   0.002       0.315
  FPG_ge126 = TRUE (%)                        135 (  4.8)       7 (  7.4)     128 (  4.7)   0.332       0.114
  SBP (mean (SD))                          121.57 (14.81)  133.01 (14.65)  121.17 (14.66)  <0.001       0.808
  DBP (mean (SD))                           75.94 (10.14)   82.22 (10.03)   75.72 (10.08)  <0.001       0.647
  BP_ESCESH2018 (%)                                                                        <0.001       0.964
     (1) Optimal BP                          1113 ( 39.2)       5 (  5.3)    1108 ( 40.4)                    
     (2) Normal BP                            709 ( 25.0)      30 ( 31.6)     679 ( 24.8)                    
     (3) High Normal BP                       633 ( 22.3)      30 ( 31.6)     603 ( 22.0)                    
     (4) HTN Grade 1                          281 (  9.9)      20 ( 21.1)     261 (  9.5)                    
     (5) HTN Grade 2                           82 (  2.9)       8 (  8.4)      74 (  2.7)                    
     (6) HTN Grade 3                           19 (  0.7)       2 (  2.1)      17 (  0.6)                    
  FPG_ge100lt126 = TRUE (%)                   681 ( 24.0)      34 ( 35.8)     647 ( 23.6)   0.009       0.269
  TRIGLYCERIDE_ge150 = TRUE (%)               797 ( 28.1)      52 ( 54.7)     745 ( 27.2)  <0.001       0.584
  HDL_CHOLE_lt4050 = TRUE (%)                 551 ( 19.4)      30 ( 31.6)     521 ( 19.0)   0.004       0.292
  WAIST_ge9080 = TRUE (%)                     732 ( 25.8)      89 ( 93.7)     643 ( 23.5)  <0.001       2.033
  WAIST_ge9085 = TRUE (%)                     527 ( 18.6)      88 ( 92.6)     439 ( 16.0)  <0.001       2.407
  BP_ge130_85 = TRUE (%)                     1015 ( 35.8)      60 ( 63.2)     955 ( 34.8)  <0.001       0.591
  nMetS_NoMeds_WAIST_ge9080 (mean (SD))      1.38 (1.22)     2.86 (1.03)     1.33 (1.20)   <0.001       1.378
  nMetS_NoMeds_WAIST_ge9080.ge3 = TRUE (%)    525 ( 18.5)      61 ( 64.2)     464 ( 16.9)  <0.001       1.099
  nMetS_NoMeds_WAIST_ge9085 (mean (SD))      1.31 (1.20)     2.85 (1.04)     1.25 (1.16)   <0.001       1.448
  nMetS_NoMeds_WAIST_ge9085.ge3 = TRUE (%)    476 ( 16.8)      61 ( 64.2)     415 ( 15.1)  <0.001       1.160
  Intervention.ge1 = TRUE (%)                2742 ( 96.7)       0 (  0.0)    2742 (100.0)  <0.001         NaN
  InterventionGroup = Group 1 (%)            2742 ( 96.7)       0 (  0.0)    2742 (100.0)  <0.001         NaN
